                       precision    recall  f1-score   support
==============================================================
BitTorrent                0.6048    0.2716    0.3748      1020
FTP                       0.9996    0.9996    0.9996      2403
Gmail                     0.9070    0.5996    0.7219      1366
MySQL                     1.0000    1.0000    1.0000      1415
Outlook                   0.5218    0.7693    0.6218      1491
SMB                       0.9790    0.9995    0.9891      6383
Skype                     0.9992    1.0000    0.9996      1218
Weibo                     0.9731    0.9972    0.9850      7972
WorldOfWarcraft           0.9997    0.9990    0.9994      3104
Cridex                    0.9997    1.0000    0.9998      3276
Geodo                     0.9905    0.9946    0.9925      2408
Htbot                     0.9127    0.8834    0.8978      1586
Miuref                    0.9939    0.9985    0.9962      1960
Neris                     0.8594    0.8315    0.8452      2190
Nsis                      0.7453    0.5852    0.6556       135
Shifu                     0.9517    0.9650    0.9583       143
Virut                     0.7833    0.8489    0.8148      1324
Zeus                      0.8556    0.8791    0.8672       182

accuracy                                      0.9364   39576.0
macro avg                 0.8931    0.8679    0.8733     39576
weighted avg              0.9386    0.9364    0.9337     39576

AUC (macro): 0.9945
AUC (micro): 0.9989
